########## # of class = 3, # of components = 2
 coefficients  = 
[array([-0.0739479 ,  0.33911888,  1.08364263, -0.77496717, -2.30835982,
        0.59991774, -0.14689129,  0.94935453, -0.32415843,  1.5370538 ,
       -0.13428224,  2.32236272,  0.01162962]),
       array([ 0.05021045, -0.43245008, -1.43242509,  0.62354214,  4.52543993,
       -0.48498106,  0.33521445, -1.49083716, -1.03520065, -0.97237784,
       -0.10485866, -3.37192108, -0.01529259]),
       array([ 0.00802419,  0.35160362,  1.22063491, -0.10289803, -5.4319167 ,
        0.0840439 , -0.43640525,  1.52257306,  2.44659151, -0.303712  ,
        0.39115297,  3.19624253,  0.01294584])]

 #################### # of class = 4, # of components = 3
 coefficients  = 
[array([ 0.02781701, -0.45939555,  0.37872834,  0.5185819 ,  1.36844117,
       -0.4171544 , -0.20251952,  0.48415657,  0.02954183,  1.22044034,
        0.02799981, -0.54238379, -0.35400318]),
array([-0.04723867,  0.0772079 ,  1.37034177,  0.21836982,  0.23039445,
       -0.34779189,  0.34066731, -1.45071788,  0.14807549,  0.31894623,
        0.02498377, -0.91911307, -0.35052996]),
array([-0.00453023,  0.53976826,  0.98156126, -0.89435597, -4.37777595,
        0.62969385, -0.32426551,  1.09412604,  0.41682025, -3.38802512,
       -0.06099425,  3.47506938,  0.16076901]),
array([ 0.03108129,  0.06124967, -3.02426378, -0.25593512,  1.311463  ,
        0.50101548,  0.04900373,  0.48027901, -0.54834089,  0.62830203,
       -0.02158438, -0.7477141 ,  0.78163836])]

 #################### # of class = 5, # of components = 3
 coefficients  = 
[array([ 0.00578553, -0.19254344,  4.52605247,  0.64619858, -4.11798252,
        0.07466862, -0.6666467 ,  0.94584522,  1.13427473,  0.76027613,
       -0.22274089,  2.72326259, -2.82711473]),
array([ 0.03046456, -0.70124292,  2.7461947 ,  1.5490984 ,  3.91684995,
       -0.82120077,  0.39398114, -2.32416984, -0.49390242, -0.84084423,
       -0.24187103, -3.43544404, -2.73861617]),
array([-0.07077234,  1.29030958, -6.92858642, -2.85367444, -3.18074706,
        0.98558151, -0.13994119,  1.21840654, -0.68578271,  0.60662569,
        0.25344734,  2.5750623 ,  6.34076552]),
array([ 7.16909967e-02,  2.04908438e-01, -1.03958253e+01, -1.67213792e+00,
        5.83976616e+00,  2.73683210e-01, -1.01437272e-02, -1.05475411e+00,
       -3.63687695e+00, -7.95727597e-01, -3.09030953e-01, -3.61908028e+00,
        6.17828097e+00]),
array([-3.91485199e-02,  3.77187155e-03,  4.63309745e+00,  6.10738498e-01,
       -3.49012399e+00,  1.53622968e-01,  1.09917159e-01,  2.28908565e+00,
        2.70911273e+00,  6.13822531e-01,  5.38137869e-01,  2.99539837e+00,
       -2.82642362e+00])]

 #################### # of class = 5, # of components = 4
 coefficients  = 
[array([ 0.00578553, -0.19254344,  4.52605247,  0.64619858, -4.11798252,
        0.07466862, -0.6666467 ,  0.94584522,  1.13427473,  0.76027613,
       -0.22274089,  2.72326259, -2.82711473]),
array([ 0.03046456, -0.70124292,  2.7461947 ,  1.5490984 ,  3.91684995,
       -0.82120077,  0.39398114, -2.32416984, -0.49390242, -0.84084423,
       -0.24187103, -3.43544404, -2.73861617]),
array([-0.07077234,  1.29030958, -6.92858642, -2.85367444, -3.18074706,
        0.98558151, -0.13994119,  1.21840654, -0.68578271,  0.60662569,
        0.25344734,  2.5750623 ,  6.34076552]),
array([ 7.16909967e-02,  2.04908438e-01, -1.03958253e+01, -1.67213792e+00,
        5.83976616e+00,  2.73683210e-01, -1.01437272e-02, -1.05475411e+00,
       -3.63687695e+00, -7.95727597e-01, -3.09030953e-01, -3.61908028e+00,
        6.17828097e+00]),
array([-3.91485199e-02,  3.77187155e-03,  4.63309745e+00,  6.10738498e-01,
       -3.49012399e+00,  1.53622968e-01,  1.09917159e-01,  2.28908565e+00,
        2.70911273e+00,  6.13822531e-01,  5.38137869e-01,  2.99539837e+00,
       -2.82642362e+00])]

 ##########